[banner.jpg]
filters=Orton=1,7.309941,53.216373,31.578945;Vignette=1,39.473686,1.356725,0.000000,00000000;Soften=1,28.654972,63.742691;
moddate=3ccbb600616fd301
width=1695
height=1199
textactive=0
